# Created by Octave 3.8.2, Sun May 08 13:00:55 2016 IST <sdj@sdj>
# name: J
# type: scalar
0.2034977016774661


