# Created by Octave 3.8.2, Wed Mar 23 07:50:49 2016 IST <sdj@sdj>
# name: mu
# type: matrix
# rows: 1
# columns: 3
 10.47679073233623 3.162121914331882 1.766930722054636


