# Created by Octave 3.8.2, Wed Mar 23 07:50:49 2016 IST <sdj@sdj>
# name: X_norm
# type: matrix
# rows: 20
# columns: 3
 3.45718743835211 1.859351348818214 1.363580341900767
 4.196093048245175 2.04843673279044 1.431236085623347
 4.934998658138241 2.221485687133329 1.490464923147583
 5.673904268031306 2.381995858105405 1.543371587824982
 6.412809877924371 2.532352636961205 1.591336745306035
 7.151715487817436 2.674269150219819 1.635319280819443
 7.890621097710501 2.809024937182029 1.676014599334394
 8.629526707603567 2.937605607906475 1.713944458816118
 9.36843231749663 3.060789492516045 1.749511215315879
 10.1073379273897 3.179203977002686 1.783032242277937
 10.84624353728276 3.293363559840116 1.814762673144926
 11.58514914717583 3.403696394682673 1.844910944919205
 12.32405475706889 3.510563310505722 1.873649729940397
 13.06296036696196 3.614271761636354 1.901123815440845
 13.80186597685502 3.715086267754091 1.927455905527826
 14.54077158674809 3.813236366493439 1.952750974009087
 15.27967719664115 3.908922766778739 1.977099584436439
 16.01858280653422 4.002322176753667 2.000580459954977
 16.75748841642728 4.093591139382056 2.023262498881956
 17.49639402632035 4.182869114175143 2.045206374470592


