# Created by Octave 3.8.2, Wed Apr 06 04:32:25 2016 IST <sdj@sdj>
# name: sigma
# type: matrix
# rows: 1
# columns: 3
 4.371424540307253 0.7091698120733178 0.2053949668613157


