# Created by Octave 3.8.2, Mon Mar 14 01:16:43 2016 IST <sdj@sdj>
# name: theta
# type: matrix
# rows: 3
# columns: 1
 334302.063993277
 82063.9001824772
 34705.25147627957


