# Created by Octave 3.8.2, Wed Mar 23 07:50:15 2016 IST <sdj@sdj>
# name: X
# type: matrix
# rows: 47
# columns: 2
 0.1300098690745405 3
 -0.5041898382231769 3
 0.502476363836692 3
 -0.7357230646969468 2
 1.257476015381594 4
 -0.01973172848186497 4
 -0.5872397998931161 3
 -0.7218814044186236 3
 -0.7810230437896409 3
 -0.6375731099961096 3
 -0.07635670234773261 4
 -0.0008567371932424295 3
 -0.1392733399764744 3
 3.117291823687202 5
 -0.9219563120780225 3
 0.3766430885792084 4
 -0.856523008944131 2
 -0.9622229601604173 3
 0.7654679091248329 4
 1.296484330711414 4
 -0.2940482685431793 3
 -0.1417900054816241 2
 -0.4991565072128776 3
 -0.04867338179108621 4
 2.377392165173198 3
 -1.133356214510595 3
 -0.6828730890888036 3
 0.6610262906611214 3
 0.2508098133217248 3
 0.8007012261969283 3
 -0.2034483103577911 2
 -1.259189489768079 1
 0.04947657290975102 4
 1.429867602484346 3
 -0.2386816274298865 4
 -0.7092980768928753 3
 -0.9584479619026928 3
 0.1652431861466359 4
 2.78635030976002 4
 0.202993168723881 4
 -0.4236565420583874 2
 0.2986264579195686 3
 0.7126179335166897 4
 -1.007522939253111 3
 -1.445422737149154 2
 -0.1870899845743182 4
 -1.003747940995387 3


